Without camera modification

Observation linkModification:1.15, 1, 1.016, 1.02, 1, 1, 0.999, 1, 
iter      cost      cost_change  |gradient|   |step|    tr_ratio  tr_radius  ls_iter  iter_time  total_time
   0  2.851402e+00    0.00e+00    5.55e+01   0.00e+00   0.00e+00  1.00e+04        0    2.44e-01    2.44e-01
camera : 0, 0, 0, 0, 1, 0, 0,  
mods: 1, 1, 1, 1, 1, 1, 1, 1,  
   1  1.219718e-08    2.85e+00    2.70e-03   9.37e-02   1.00e+00  3.00e+04        1    4.96e-01    7.41e-01
camera : -1.46155e-06, -1.77778e-06, -0.0499455, -2.52883e-07, 1, 0, 0,  
mods: 1.07499, 1, 1.016, 1.02002, 0.999994, 1, 0.999008, 1.00006,  
   2  3.176059e-16    1.22e-08    2.12e-06   7.45e-04   1.00e+00  9.00e+04        1    4.96e-01    1.24e+00
camera : -2.94105e-10, 1.10707e-12, -0.04995, -2.08276e-10, 0.999267, 2.84778e-05, 0.00010818,  
mods: 1.075, 1, 1.016, 1.02, 1, 1, 0.999, 1,  

Solver Summary (v 1.14.0-eigen-(3.3.4)-lapack-suitesparse-(5.3.0)-cxsparse-(3.1.9)-eigensparse-openmp-no_tbb)

                                     Original                  Reduced
Parameter blocks                            2                        2
Parameters                                 15                       15
Residual blocks                            45                       45
Residuals                                 135                      135

Minimizer                        TRUST_REGION

Dense linear algebra library            EIGEN
Trust region strategy     LEVENBERG_MARQUARDT

                                        Given                     Used
Linear solver                     DENSE_SCHUR              DENSE_SCHUR
Threads                                     1                        1
Linear solver ordering              AUTOMATIC                      1,1
Schur structure                         3,7,8                    d,d,d

Cost:
Initial                          2.851402e+00
Final                            3.176059e-16
Change                           2.851402e+00

Minimizer iterations                        3
Successful steps                            3
Unsuccessful steps                          0
Line search steps                           0

Time (in seconds):
Preprocessor                         0.000073

  Residual only evaluation           0.044674 (3)
    Line search cost evaluation      0.000000
  Jacobian & residual evaluation     1.448467 (6)
    Line search gradient evaluation   0.724000
  Linear solver                      0.000223 (3)
  Line search polynomial minimization  0.000000
Minimizer                            1.493635

Postprocessor                        0.000005
Total                                1.493713

Termination:                      CONVERGENCE (Parameter tolerance reached. Relative step_norm: 4.239058e-09 <= 1.000000e-08.)

camera : 0, 0, 0, 0, 1, 0, 0,  -> 
-2.94105e-10, 1.10707e-12, -0.04995, -2.08276e-10, 0.999267, 2.84778e-05, 0.00010818, 
mods: 1, 1, 1, 1, 1, 1, 1, 1,  -> 
1.075, 1, 1.016, 1.02, 1, 1, 0.999, 1, 
Cost at current value: 3.17606e-16
Cost at orig value: 2.41915e-28



With Camera modification:
Final pose: T:        0.088 -8.93992e-18        1.259, R: Axis: 1 0 0 Angle: 3.14159
Observation linkModification:1.015, 1, 1.016, 1.02, 1, 1, 0.999, 1, 
iter      cost      cost_change  |gradient|   |step|    tr_ratio  tr_radius  ls_iter  iter_time  total_time
   0  8.374636e+02    0.00e+00    6.83e+02   0.00e+00   0.00e+00  1.00e+04        0    2.32e-01    2.32e-01
camera : 0, 0, 0, 0, 1, 0, 0,  
mods: 1, 1, 1, 1, 1, 1, 1, 1,  
   1  9.670532e+01    7.41e+02    2.70e+02   1.39e+00   8.85e-01  1.84e+04        1    4.79e-01    7.11e-01
camera : 0.564573, 0.933123, 0.699897, -0.00253769, 1, 0, 0,  
mods: 0.8, 1, 1.2, 1.2, 1.2, 1, 1.2, 1.2,  
   2  3.797266e+01    5.87e+01    9.87e+01   5.12e-01   6.09e-01  1.86e+04        1    4.81e-01    1.19e+00
camera : 0.564602, 0.937022, 1.01652, -0.00320043, 0.669443, 0.000901507, 0.230305,  
mods: 0.8, 1, 1.2, 1.2, 1.2, 1, 1.2, 1.2,  
   3  2.935716e+01    8.62e+00    2.16e+01   3.69e-01   2.29e-01  1.60e+04        1    4.77e-01    1.67e+00
camera : 0.564595, 0.937011, 1.17484, -0.00489948, 0.382031, 0.00045393, 0.0605715,  
mods: 0.8, 1, 1.2, 1.2, 1.2, 1, 1.2, 1.2,  
   4  2.925140e+01    1.06e-01    2.13e+01   1.16e-01   3.64e-03  8.09e+03        1    7.03e-01    2.37e+00
camera : 0.56459, 0.937004, 1.19097, -0.00663206, 0.267267, 0.000320593, 0.0511695,  
mods: 0.8, 1, 1.2, 1.2, 1.2, 1, 1.2, 1.2,  
   5  2.923384e+01    1.76e-02    0.00e+00   1.33e-02   6.06e-04  4.05e+03        1    7.07e-01    3.08e+00
camera : 0.56459, 0.937004, 1.19097, -0.00663206, 0.267267, 0.000320593, 0.0511695,  
mods: 0.8, 1, 1.2, 1.2, 1.2, 1, 1.2, 1.2,  
   6  2.919912e+01    5.23e-02    2.10e+01   3.96e-02   1.80e-03  2.03e+03        1    7.04e-01    3.78e+00
camera : 0.564594, 0.937033, 1.20567, -0.00799966, 0.230566, 0.000178394, 0.0485514,  
mods: 0.8, 1, 1.2, 1.2, 1.2, 1, 1.2, 1.2,  
   7  2.919789e+01    1.23e-03    0.00e+00   3.96e-03   4.25e-05  1.02e+03        1    7.08e-01    4.49e+00
camera : 0.564594, 0.937033, 1.20567, -0.00799966, 0.230566, 0.000178394, 0.0485514,  
mods: 0.8, 1, 1.2, 1.2, 1.2, 1, 1.2, 1.2,  
   8  2.919699e+01    2.13e-03    0.00e+00   2.52e-03   7.36e-05  2.54e+02        1    7.08e-01    5.20e+00
camera : 0.564594, 0.937033, 1.20567, -0.00799966, 0.230566, 0.000178394, 0.0485514,  
mods: 0.8, 1, 1.2, 1.2, 1.2, 1, 1.2, 1.2,  
   9  2.919682e+01    2.30e-03    0.00e+00   1.49e-02   7.95e-05  3.18e+01        1    4.83e-01    5.68e+00
camera : 0.564594, 0.937033, 1.20567, -0.00799966, 0.230566, 0.000178394, 0.0485514,  
mods: 0.8, 1, 1.2, 1.2, 1.2, 1, 1.2, 1.2,  
  10  2.905106e+01    1.48e-01    3.62e+01   1.54e-01   5.14e-03  1.61e+01        1    4.77e-01    6.16e+00
camera : 0.570034, 0.957806, 1.26606, -0.010816, 0.261557, -0.0532458, 0.174715,  
mods: 0.8, 1, 1.2, 1.2, 1.2, 1, 1.2, 1.2,  
  11  2.998194e+01   -9.31e-01    0.00e+00   3.72e-02  -3.27e-02  8.07e+00        1    2.77e+00    8.93e+00
camera : 0.570034, 0.957806, 1.26606, -0.010816, 0.261557, -0.0532458, 0.174715,  
mods: 0.8, 1, 1.2, 1.2, 1.2, 1, 1.2, 1.2,  
  12  2.904233e+01    8.73e-03    0.00e+00   1.64e-02   3.11e-04  2.02e+00        1    4.71e-01    9.40e+00
camera : 0.570034, 0.957806, 1.26606, -0.010816, 0.261557, -0.0532458, 0.174715,  
mods: 0.8, 1, 1.2, 1.2, 1.2, 1, 1.2, 1.2,  
  13  2.580719e+01    3.24e+00    4.14e+01   2.97e-01   1.25e-01  1.42e+00        1    4.72e-01    9.87e+00
camera : 0.579267, 0.985424, 1.27805, -0.0149714, 0.378363, -0.180646, 0.225716,  
mods: 0.8, 1, 1.2, 0.965529, 1.2, 1, 1.2, 1.2,  
  14  2.431249e+01    1.49e+00    4.30e+01   1.97e-01   6.92e-02  8.65e-01        1    4.72e-01    1.03e+01
camera : 0.585111, 0.999583, 1.28041, -0.0161032, 0.415111, -0.21362, 0.221073,  
mods: 0.8, 1, 1.2, 0.8, 1.2, 1, 1.10756, 1.2,  
  15  2.325763e+01    1.05e+00    3.86e+01   1.09e-01   5.79e-02  5.11e-01        1    4.72e-01    1.08e+01
camera : 0.588803, 1.00775, 1.27687, -0.0172681, 0.452756, -0.245319, 0.215638,  
mods: 0.810627, 1, 1.2, 0.8, 1.2, 1, 1.01182, 1.2,  
  16  2.225024e+01    1.01e+00    3.26e+01   9.06e-02   6.82e-02  3.11e-01        1    4.73e-01    1.13e+01
camera : 0.589984, 1.0127, 1.27206, -0.0183593, 0.48774, -0.274017, 0.208829,  
mods: 0.82506, 1, 1.2, 0.8, 1.2, 1, 0.935332, 1.2,  
  17  2.150889e+01    7.41e-01    2.73e+01   6.85e-02   6.60e-02  1.88e-01        1    4.72e-01    1.18e+01
camera : 0.5901, 1.01582, 1.26783, -0.0192452, 0.51531, -0.296374, 0.202808,  
mods: 0.837778, 1, 1.2, 0.8, 1.2, 1, 0.878715, 1.2,  
  18  2.101395e+01    4.95e-01    2.32e+01   4.88e-02   6.14e-02  1.12e-01        1    4.71e-01    1.22e+01
camera : 0.589804, 1.01772, 1.26454, -0.0199122, 0.535529, -0.312555, 0.198329,  
mods: 0.847642, 1, 1.2, 0.8, 1.2, 1, 0.838997, 1.2,  
  19  2.070419e+01    3.10e-01    2.02e+01   3.28e-02   5.69e-02  6.62e-02        1    4.76e-01    1.27e+01
camera : 0.589429, 1.01885, 1.26221, -0.020379, 0.549411, -0.32354, 0.195313,  
mods: 0.854645, 1, 1.2, 0.8, 1.2, 1, 0.812544, 1.2,  
  20  2.052406e+01    1.80e-01    1.82e+01   1.78e-02   5.15e-02  3.85e-02        1    4.79e-01    1.32e+01
camera : 0.589116, 1.0195, 1.26066, -0.0206856, 0.558414, -0.330606, 0.193405,  
mods: 0.859283, 1, 1.2, 0.8, 1.2, 1, 0.8, 1.2,  
  21  2.042942e+01    9.46e-02    1.70e+01   7.80e-03   4.41e-02  2.19e-02        1    4.76e-01    1.37e+01
camera : 0.588893, 1.01986, 1.2597, -0.0208768, 0.563992, -0.334946, 0.192249,  
mods: 0.862186, 1, 1.2, 0.8, 1.2, 1, 0.8, 1.2,  
  22  2.037571e+01    5.37e-02    1.62e+01   4.62e-03   4.24e-02  1.24e-02        1    4.82e-01    1.41e+01
camera : 0.58875, 1.02005, 1.25912, -0.0209907, 0.567309, -0.3375, 0.191573,  
mods: 0.863914, 1, 1.2, 0.8, 1.2, 1, 0.8, 1.2,  
  23  2.034541e+01    3.03e-02    1.57e+01   2.68e-03   4.13e-02  6.99e-03        1    4.93e-01    1.46e+01
camera : 0.588662, 1.02015, 1.25879, -0.0210569, 0.569236, -0.338975, 0.191185,  
mods: 0.864919, 1, 1.2, 0.8, 1.2, 1, 0.8, 1.2,  
  24  2.032834e+01    1.71e-02    1.55e+01   1.53e-03   4.07e-02  3.94e-03        1    4.82e-01    1.51e+01
camera : 0.588611, 1.02021, 1.2586, -0.0210949, 0.57034, -0.339818, 0.190964,  
mods: 0.865495, 1, 1.2, 0.8, 1.2, 1, 0.8, 1.2,  
  25  2.031874e+01    9.60e-03    1.53e+01   8.71e-04   4.04e-02  2.22e-03        1    4.77e-01    1.56e+01
camera : 0.588582, 1.02024, 1.25849, -0.0211165, 0.570967, -0.340295, 0.190838,  
mods: 0.865823, 1, 1.2, 0.8, 1.2, 1, 0.8, 1.2,  
  26  2.031334e+01    5.40e-03    1.53e+01   4.92e-04   4.02e-02  1.25e-03        1    4.67e-01    1.61e+01
camera : 0.588565, 1.02025, 1.25843, -0.0211287, 0.571322, -0.340565, 0.190768,  
mods: 0.866008, 1, 1.2, 0.8, 1.2, 1, 0.8, 1.2,  
  27  2.031031e+01    3.03e-03    1.52e+01   2.78e-04   4.00e-02  7.01e-04        1    4.63e-01    1.65e+01
camera : 0.588555, 1.02026, 1.25839, -0.0211356, 0.571522, -0.340717, 0.190728,  
mods: 0.866113, 1, 1.2, 0.8, 1.2, 1, 0.8, 1.2,  
  28  2.030860e+01    1.71e-03    1.52e+01   1.56e-04   4.00e-02  3.94e-04        1    4.64e-01    1.70e+01
camera : 0.58855, 1.02027, 1.25837, -0.0211395, 0.571635, -0.340803, 0.190705,  
mods: 0.866171, 1, 1.2, 0.8, 1.2, 1, 0.8, 1.2,  
  29  2.030764e+01    9.59e-04    1.52e+01   8.80e-05   3.99e-02  2.21e-04        1    4.62e-01    1.75e+01
camera : 0.588547, 1.02027, 1.25836, -0.0211417, 0.571698, -0.340851, 0.190693,  
mods: 0.866204, 1, 1.2, 0.8, 1.2, 1, 0.8, 1.2,  
  30  2.030711e+01    5.39e-04    1.52e+01   4.95e-05   3.99e-02  1.24e-04        1    4.64e-01    1.79e+01
camera : 0.588545, 1.02027, 1.25835, -0.0211429, 0.571734, -0.340878, 0.190686,  
mods: 0.866223, 1, 1.2, 0.8, 1.2, 1, 0.8, 1.2,  
  31  2.030680e+01    3.03e-04    1.52e+01   2.78e-05   3.99e-02  7.00e-05        1    4.67e-01    1.84e+01
camera : 0.588544, 1.02027, 1.25835, -0.0211436, 0.571754, -0.340893, 0.190682,  
mods: 0.866234, 1, 1.2, 0.8, 1.2, 1, 0.8, 1.2,  
  32  2.030663e+01    1.70e-04    1.52e+01   1.56e-05   3.99e-02  3.93e-05        1    4.64e-01    1.89e+01
camera : 0.588544, 1.02027, 1.25835, -0.021144, 0.571765, -0.340902, 0.19068,  
mods: 0.866239, 1, 1.2, 0.8, 1.2, 1, 0.8, 1.2,  
  33  2.030654e+01    9.57e-05    1.51e+01   8.79e-06   3.99e-02  2.21e-05        1    4.70e-01    1.93e+01
camera : 0.588543, 1.02027, 1.25835, -0.0211442, 0.571771, -0.340906, 0.190678,  
mods: 0.866243, 1, 1.2, 0.8, 1.2, 1, 0.8, 1.2,  
  34  2.030648e+01    5.38e-05    1.51e+01   4.94e-06   3.99e-02  1.24e-05        1    4.63e-01    1.98e+01
camera : 0.588543, 1.02027, 1.25835, -0.0211443, 0.571775, -0.340909, 0.190678,  
mods: 0.866245, 1, 1.2, 0.8, 1.2, 1, 0.8, 1.2,  
  35  2.030645e+01    3.02e-05    1.51e+01   2.78e-06   3.99e-02  6.98e-06        1    4.62e-01    2.02e+01
camera : 0.588543, 1.02027, 1.25835, -0.0211444, 0.571777, -0.340911, 0.190677,  
mods: 0.866246, 1, 1.2, 0.8, 1.2, 1, 0.8, 1.2,  

Solver Summary (v 1.14.0-eigen-(3.3.4)-lapack-suitesparse-(5.3.0)-cxsparse-(3.1.9)-eigensparse-openmp-no_tbb)

                                     Original                  Reduced
Parameter blocks                            2                        2
Parameters                                 15                       15
Residual blocks                            45                       45
Residuals                                 135                      135

Minimizer                        TRUST_REGION

Dense linear algebra library            EIGEN
Trust region strategy     LEVENBERG_MARQUARDT

                                        Given                     Used
Linear solver                     DENSE_SCHUR              DENSE_SCHUR
Threads                                     1                        1
Linear solver ordering              AUTOMATIC                      1,1
Schur structure                         3,7,8                    d,d,d

Cost:
Initial                          8.374636e+02
Final                            2.030645e+01
Change                           8.171571e+02

Minimizer iterations                       36
Successful steps                           30
Unsuccessful steps                          6
Line search steps                          22

Time (in seconds):
Preprocessor                         0.000133

  Residual only evaluation           0.515096 (36)
    Line search cost evaluation      0.000000
  Jacobian & residual evaluation    19.967212 (87)
    Line search gradient evaluation   13.092640
  Linear solver                      0.002207 (36)
  Line search polynomial minimization  0.000228
Minimizer                           20.486933

Postprocessor                        0.000005
Total                               20.487071

Termination:                      CONVERGENCE (Function tolerance reached. |cost_change|/cost: 8.363686e-07 <= 1.000000e-06)

camera : 0.3, 0.5, 0.9, 1, 0, 0, 0,  -> 
0.588543, 1.02027, 1.25835, -0.0211444, 0.571777, -0.340911, 0.190677, 
mods: 1, 1, 1, 1, 1, 1, 1, 1,  -> 
0.866246, 1, 1.2, 0.8, 1.2, 1, 0.8, 1.2, 
Cost at current value: 20.3065
Cost at orig value: 3.93401e-28
